03663000988
03663001470
03663000552
03663000465
01663000302
03665000005
01663000107
08663000026
08662000006
03663001452
03663001169
03663001523
03663000706
01663000342
08663000302
03663001694
03663000474
03663001050
08663000153
03663000466
03663001615
08663000095
03663000041
03663000743
01666000024
01663000030
03663001069
03662000113
03666000004
01663000224
08666000034
08663000019
03663000072
08663000176
03661000112
23006000002
03663001489
03663000521
01663000073
08663000269
03662000188
03662000320
03661000021
03663000363
01663000010
08663000188
03663000784
08663000168
05666000019
03662000318
08663000107
03662000145
03663000853
03663001686
01663000295
05666000055
03663001074
03663001097
03663000490
03663000236
12007000078
05666000031
03663000362
03663000386
08666000039
08663000209
03663001369
03663000143
03663001400
03663001095
08663000047
03663001647
01663000301
01665000009
01663000215
08665000004
08666000029
03666000012
01663000284
03663001298
03663001586
03663001666
20007003855
01663000053
03663001701
10666000008
03663000713
03663000697
08663000163
03661000006
03663001105
03663000487
03663000344
08663000092
03663000403
08663000182
08663000298
03663000318
03663000685
03663001695
03662000097
08663000039
03663001170
03663000709
03663001700
01663000273
03663000698
03663001288
01663000121
03663000679
03663001692
08666000004
08666000019
01663000351
01665000001
03662000336
03663000257
03663001180
01663000276
01663000180
03662000159
03663001381
03665000002
03663000547
03662000235
03663001571
03663001600
03663000223
03663001075
03663001516
03663000364
08666000033
05666000009
03663000680
01663000083
03663000848
08663000053
03663001629
03663001683
08665000003
03663001335
03663000339
03662000193
03663001248
03666000005
08663000143
08663000266
03663000573
03663000634
01665000004
08663000172
01663000294
01666000017
03663000630
03663000641
03663000448
03662000198
03663000885
03663000272
03663000100
03663001423
03663000548
08666000038
03663000485
01663000084
03663000347
03663000336
03663001493
01663000270
03663001337
03663001417
08663000251
03663000093
08663000265
08663000307
03661000014
03663000766
08665000007
08663000167
03663000546
03663000067
03663001410
03663000950
03663001544
03662000221
03663000883
01663000304
03663000264
03663000058
03662000161
03663001029
08663000146
03663000914
03663000169
03663000642
03663000849
03663000172
02661000003
03663000461
03663001302
01662000022
03663000261
01663000099
03663000003
03662000306
01662000026
03663000538
03663001632
08663000142
05666000016
03662000326
01665000005
03662000059
03663001681
01666000008
03663000148
03663000247
01663000141
03663001178
03663000229
03663001132
03663001687
02005000027
03662000248
08662000005
03663001707
03663000026
08666000017
01663000299
08663000102
03663000873
05666000062
01666000010
03663001031
03662000028
03663001494
08666000040
03663000251
03663001419
01663000238
08663000213
03663000842
08663000125
05666000034
01666000022
03663000431
03663000214
01663000189
03663001556
01663000326
01663000177
03663001408
03663000507
03663000208
01663000296
03666000010
03663000044
08663000170
03662000064
03662000195
03663000195
03663000152
03663001652
03663001194
03663000622
03662000112
01663000352
03661000028
01663000193
03663001706
03666000003
03662000177
03663000906
03663001005
03663000453
08663000296
03663001674
01663000277
03662000020
03663000324
03662000285
03663000421
01663000261
03663001330
03663000141
03662000046
03662000122
01663000247
03662000083
01663000178
01663000158
03663001670
03663001135
03663000526
08663000300
03663001535
05666000012
01662000023
03662000157
03663000006
08666000010
03663000260
01663000235
03662000026
01663000329
03663001365
08663000277
03663001608
03663000843
08663000145
03663000081
03663000440
01663000236
05666000065
03663000607
08663000229
03663000962
08663000041
08663000284
03663000771
05666000014
03663001618
05662000002
03663001356
03663000735
03663000132
03663001054
05663000024
01663000341
03663000902
08666000035
03663000037
01663000094
03663000991
01666000027
01665000007
03663001552
08663000310
05666000058
03663001678
03663000395
03663001563
08663000248
03663001637
03663000443
03662000341
03663000377
03663001205
03665000004
03663000814
03662000192
03663000533
03663001308
01663000334
03663000146
03663000179
08663000240
03663000153
03663000760
03663000717
03663000263
03663000012
08663000055
08663000288
01662000012
03663001034
03663000159
05666000064
05666000053
05666000041
07006000102
08663000106
03663000543
08662000009
03663000767
01663000259
03663001638
01663000105
03663001521
05663000019
05666000040
03662000260
03663000174
03663001537
03666000002
08666000030
03663001125
03663000681
01665000006
03663001578
08663000259
05666000007
08663000235
01663000285
03663000449
03663001160
03663000435
03663001478
03662000062
03663000090
03662000013
10666000006
03663001549
03662000357
03663000070
08663000214
03663000326
03663000557
01666000019
05666000056
01663000233
03663001668
03663000190
08663000164
08663000177
03663000455
08663000272
03663001655
03662000347
03662000282
03663001271
08666000015
01666000023
03663000438
03663000724
05666000066
24007000041
03662000250
03663000464
03662000095
03663000659
03663000074
03663000104
03663001134
03663000890
01662000007
03663000430
03663000231
01663000181
03663000444
03663000340
08663000111
03663000555
03662000119
03663001682
03663000200
03663000055
01663000343
20666000003
03662000258
03663000565
05666000059
03663000572
03663000780
03663001660
03663000413
03663000710
01663000313
01662000043
03663001041
03663000734
03663000215
03663000189
03663001533
08663000105
03663000292
03663001266
03663001004
03663000442
03663000618
03663000583
01663000014
03663000652
03663000525
03663001011
01663000227
01663000312
08663000309
03663000723
03663001320
03663000665
03663000588
03663000715
01663000033
08663000187
03663001274
03663001473
03663001522
05666000026
03663001221
03662000055
03663000910
08663000294
10666000002
03663000969
10665000007
03663000911
03663000927
01662000034
03662000085
08663000154
03662000094
03663001480
01666000007
03662000107
08663000081
05666000013
03663000227
03662000152
08666000002
05666000043
03663000432
01663000349
03663001672
03663001688
03663000410
01662000028
03663000288
08663000301
08663000232
03663001542
03663000311
08663000236
03663001292
03663001267
03663000594
03663000114
08666000044
03663000265
03663000742
03663000770
03663001375
08666000031
03663001483
03663000616
03663001301
03666000007
08663000311
08663000210
03663000623
03663001289
01662000029
03663001207
03662000014
03666000014
08665000010
01663000135
03663001352
03663000604
03663001164
03663000400
03663000398
01663000038
03663001490
03663001676
03663001619
08663000295
08663000275
03663001393
03663000001
03663001703
08663000230
03663001454
08666000016
03663000463
03663001219
08666000001
03663001208
03663000675
03663000073
08663000002
08666000043
03663000615
03663001539
03662000323
08663000001
01663000145
03663001507
01663000265
05666000021
01663000001
03663000786
03663001281
03663000740
01663000331
03663000240
05663000005
03665000006
03663001677
03663000776
03663001562
03663000024
03663000509
03662000259
03663000176
01663000165
01663000015
03663000935
03663000181
08663000013
08663000292
03661000109
08663000283
08663000093
03663001631
08663000103
03663001042
08663000203
03663000025
03663001052
01663000062
03663000462
01662000020
08666000037
03663000563
03663001374
03663001590
08663000175
03663000793
01662000017
03663001068
03663000199
01663000263
03663001351
03663000454
03663000733
01663000306
03663000585
10666000005
03663000186
08666000041
03663000069
03662000181
08666000003
03663000802
03663000727
03663000792
08663000191
03663000346
03662000266
03663000536
03663001418
03663000394
03663000731
01663000167
08663000016
03663000512
03663000156
03663000170
03663000671
03663000795
08663000186
08663000282
03663000600
03666000015
03663001594
03663001161
03663001425
01663000000
03663000909
03663000813
01663000161
01663000347
03663000009
05666000017
03663000678
03663000165
08665000009
01663000020
03663001201
03663000228
08663000199
03662000222
03662000311
03663000085
03662000040
03663000396
03663001513
03662000232
03666000011
03663001073
05666000022
08663000031
03662000050
05666000015
03663000505
03663000765
03663000357
03663001596
03663001061
03663000390
03663000368
08663000132
03662000338
03663000053
03663000128
03663000986
03663001019
03663001680
03663001545
03663000084
03662000359
03663000833
08662000003
03663001595
03663000366
08663000290
05666000011
03663000338
03663001415
03663000252
08663000306
01663000044
03662000254
01663000344
01663000179
08663000211
08663000299
03663001240
03663001173
03663001353
08663000222
03663000110
03663000590
03663001230
08663000159
01663000340
08663000171
03663000286
01663000190
01663000046
03663000928
03663001557
03663001085
03663000534
05666000029
08663000057
03663001215
01663000183
03663001108
03663000854
03662000060
03662000343
03663001602
01663000111
01663000268
03662000293
03663000501
03663000096
01666000021
03663001203
03665000007
01666000015
01663000211
03663000433
03663001251
03662000358
03663001256
03663001328
03663001599
03663000389
03663000841
03663001486
01663000305
03663001168
01663000057
08663000149
08666000032
03663000470
03662000345
10663000002
08663000169
08666000042
03663000701
03663000481
01663000131
08663000017
03663000456
01662000021
01662000019
08665000001
03663000737
10665000004
03663000726
01663000311
08663000115
03663000145
08663000281
03663001080
03662000031
03663001598
03663000278
05666000008
08663000220
01663000142
05666000025
03663000683
03663001127
08663000258
03663000244
03663001651
03663001202
03663000458
03663000708
08663000202
03662000029
01663000246
03663001076
03663000763
05666000048
01662000025
03663001450
03663001165
03662000169
08663000114
03663001515
01662000006
08663000205
01663000309
03663001640
03661000052
03663000099
08663000110
08663000245
01663000119
03663000309
05666000006
03663001702
10665000008
03666000013
03663001235
01663000241
01663000106
03663001372
08663000162
01662000045
08663000112
03663001264
03663000510
03663001581
03663000002
03663000211
08663000051
03663001645
03663001386
01663000237
03663000188
03663000832
01663000223
03663000550
03663000608
03663000280
03663001065
03662000130
03663000747
03663001554
03663000741
01663000353
08663000308
03662000226
08663000038
03662000279
03662000219
03663000542
03662000160
03661000017
03663000816
03663001636
03663000500
03663000495
03662000082
03663001661
01663000333
01663000355
01663000337
03662000257
08666000012
03663000515
03663000063
03663000587
03663000348
03663000371
03663000121
08663000198
08663000267
03663000670
03663000794
08663000227
01663000220
03663001456
03663000122
08663000276
01663000209
08663000179
03662000289
03663001390
03663000513
03663001663
03663001280
03663000811
08663000085
03663001224
08663000224
03663001094
03662000344
03663001316
03663000135
03663000757
03662000218
03663001449
01663000243
01663000289
03663000205
01663000271
05666000032
03663000015
03663001020
03662000066
01663000350
01662000018
03663000658
08663000133
03663000764
08663000116
03663000029
03663001705
03663001083
01663000200
03663000570
03662000229
03662000304
03663000919
03663001460
08663000181
01663000260
01663000157
03663000649
03663000187
08663000196
01663000269
03663000285
03663001283
03663000446
03663000007
01663000166
03663001447
03662000175
03663000097
03662000280
03663000308
10666000007
05666000036
03663001096
03663000804
03663001017
03663000626
03663001172
03663001613
03663001396
08663000268
08663000286
08663000291
03663000836
03663001227
03663000139
03663001126
03663001171
01663000184
03663000748
01666000009
08663000134
03663000545
03663000439
03663000668
03663001553
20007000285
01662000032
03663000197
03662000342
03663001059
03663000062
01662000016
03663000273
08663000012
01663000214
03663001345
08663000178
03663000161
03663001344
05666000044
03662000080
01663000138
03665000001
03663000750
03662000081
03663000284
08663000200
03663000034
03663001244
03663001339
08666000018
01662000036
01663000221
03663000636
03663000560
01663000267
03662000356
01663000103
03663000384
03663001360
03663001387
03663000769
03663000391
03663000212
01663000288
03663000761
03663001697
03663000243
03663001064
05666000004
03663000300
08666000045
03663000393
03663001367
03663000217
01663000164
03663000359
05666000033
03663001627
03663000224
08663000197
03663000985
01663000338
03663001070
20666000001
03663001317
01662000044
03662000297
03662000360
03663001555
03663000050
03663000537
03663000847
10665000003
03663000060
08663000030
03663000358
03663000822
08662000010
03662000084
03663001326
03663001088
03663001057
08663000091
03663000115
08663000221
03663001479
03663001642
03663000778
03663001341
03663001309
03663001448
03663001324
03663000558
08663000139
10666000004
03665000003
03663000180
03663000083
03663000203
03663000628
08663000234
03662000298
03663001030
03663000958
03663000779
03662000253
03662000196
01663000357
03663001093
03663000051
03663000937
01663000327
05666000060
08663000020
03662000301
03662000168
08663000052
03662000054
03662000045
08663000208
01663000286
03663000469
03663000774
01663000242
03663001196
03663001223
03663000068
03663001502
01663000310
05663000014
03662000332
08663000289
03663000953
03663001634
03663000162
03662000255
03662000281
03662000041
08663000287
03662000191
01663000032
03663001018
01663000175
03663001611
03663001106
03663000892
01663000348
03663000133
03663000556
03663000990
03663000138
03663000370
10662000003
03663001577
03663001704
03663001451
03663000425
03663000882
03663001333
08663000249
01662000002
03663000392
03666000006
03663000282
03663001510
05666000045
03663001575
03662000096
03663001236
03663000963
03663000768
03663000011
03663001591
03663000982
03663001639
03663001609
03663001060
03663000123
03663001671
03663001457
03662000319
05666000042
03663000233
03662000270
01666000018
03663000684
03663000707
03663000936
03663000441
03663000436
03663000276
03663000705
08663000120
03663001643
03662000291
03663001550
03662000295
03663001570
08662000001
05663000023
08663000131
03663000387
03663001327
03663000637
03663001565
01663000027
03663000405
01663000291
03663001002
03662000203
03663000702
03662000262
01663000171
03663000468
03663001039
03663001658
03663001399
03663000262
03662000005
03663001455
08663000014
01665000008
03663001497
03663000209
03663000033
03663001531
03663000677
03662000354
03663001315
03663000994
01663000330
03663001008
03663000818
03663001378
03663000151
03663000269
03663001322
03663000056
03663000341
01663000303
01663000143
03663000105
03663000316
08663000293
03663000140
03663000259
03663000996
03662000190
08663000029
08663000141
08663000097
08663000184
03663000239
03662000025
03663000423
03663000567
08663000148
03663000417
08665000005
03662000155
03662000204
05666000052
03663000226
05666000049
03663001617
03662000135
03663000758
03663000611
03662000349
03663000256
08665000006
01663000163
03663000983
01663000250
03662000274
03662000167
03663001421
05666000047
05665000001
03663001401
03662000283
03663001548
05666000035
03663000993
01663000019
03663000345
03663000712
03663000399
01663000091
03662000164
01663000234
05666000037
01663000042
03663000828
03663000302
01663000086
03663000503
08662000007
08663000228
01666000026
03662000128
03663000586
01663000323
05663000009
03662000287
05666000063
01666000028
03663000941
03663000242
03663001673
03663001394
08663000233
03663000335
03662000153
03663000142
05666000050
08663000104
03663000651
05666000046
08665000008
03663001053
05666000039
08663000123
03663000539
03663000194
03662000141
03663001690
03663001363
03663000192
01663000130
05663000002
03662000170
05665000002
03663000342
08663000160
03663000524
01663000129
08663000166
08663000101
03661000120
03663001204
08663000035
03663001082
03662000305
08665000002
03663001133
03663000497
08663000025
03663001604
03663001405
08666000007
03663001606
03663000144
03661000027
03663000915
03662000156
01666000013
03663000022
03663000899
03663000984
05663000007
03663000514
03663000508
03662000205
03662000286
01663000097
08663000109
01663000156
03663000163
03663001217
03663001675
08663000050
03663001388
03663001499
03663001653
03663000925
01663000354
05666000038
03663000008
10665000005
03663001459
01663000346
03663001166
03663001684
05666000002
03666000008
03663000568
03663001649
03663001104
01663000139
01663000328
01663000159
03663001641
03663000147
03663000824
01663000070
03663000235
03663001162
05666000051
03663000575
03663000920
03663000831
03663001558
01663000300
03663000274
03663001066
03662000307
03663000624
01663000150
03663001116
08663000138
03663001546
03663001357
03663000922
03663001487
03663000933
03663001323
03663000562
05663000004
03663000812
01663000336
08663000135
03663001685
01663000308
03663000714
03661000013
01663000185
03662000099
03663000721
03663000010
03663000627
03663000711
03663001453
03663001325
08663000254
03663001708
08663000297
03662000313
03663000518
03663001058
03663001614
08662000008
08663000156
03663000411
03663000647
03662000238
03663000150
08663000256
01665000002
03663001610
03663000553
03663001536
08663000113
05666000018
03663001397
01663000356
08663000280
03663000952
03663001010
10663000001
03663000039
03663001348
01663000127
03663001588
08663000048
03663000365
08666000011
03663001696
03662000220
01666000012
03663000283
03663000196
01663000169
01663000060
03663000328
03663001379
03663000106
03663000137
03663000031
03663000825
03663000266
03663000049
03663001310
03663000120
05666000057
20666000002
08666000006
03663000837
03663000160
03663001055
03663001698
01663000219
08663000011
03663000998
03663000098
03663001579
01663000004
03663000155
08663000118
03663001081
03663001664
03663000787
03663001212
03663001234
03663000554
01663000016
03663001084
08663000082
03663000232
08663000304
03663000408
03663000523
03663001368
03663000113
03663000486
03663001284
08666000014
01663000339
01663000024
01663000290
05666000024
01662000031
03663001475
03663001504
17663000003
05666000003
03662000237
03663000108
03663001285
08663000243
03663000255
03663001056
03663000125
03663000610
03661000064
03663001078
03663001329
03663001458
03666000009
03663001561
01662000005
08666000013
03663000482
05666000027
03663001255
05666000010
03663001524
03662000299
03663000478
03663000373
03663000275
03663000663
01663000239
03663000520
01663000089
03663001035
03663001630
03663000014
03662000132
03663000198
03663000030
03663000640
05666000005
05666000020
03663001569
03662000171
03663000412
01666000014
03663001547
03663000094
03663000130
08663000207
03663000777
03663000951
03663000621
05666000061
08663000108
01663000207
08662000004
01666000003
03663000057
08663000140
03663000633
01663000204
01663000206
03663000839
03663000420
08663000040
03663000380
08663000100
08666000005
03663000612
10665000002
03663001279
08663000005
03663001294
03663001520
03663001350
03663000762
03663000321
03663001597
03663000154
03663001559
03666000017
03662000256
03663001605
08666000036
01663000292
03663000445
03663001573
03663000351
03663001336
03663001206
03663001273
03663000459
08663000161
08663000273
03662000086
01662000035
01666000002
03663000772
03662000070
03663001657
03662000187
03663001541
03663000047
01666000004
03663001481
03663000535
03663000343
10665000001
03663000601
05663000008
03663000650
03663001476
03663000201
08666000009
08663000136
10666000001
03663000502
01663000258
01662000037
03663000061
03663000005
01663000036
03663000617
01663000278
01663000147
01663000298
01662000038
03663000167
03662000114
08663000305
03663001163
03663001580
03666000016
01666000011
01663000149
03662000100
03663001272
01663000345
03663000241
08663000238
08663000185
03663000312
03663001603
01665000003
03663000907
03663000117
08663000212
03663000281
08663000279
01663000146
08663000180
03661000019
03662000288
03663000732
03663000725
10665000006
03663001406
08663000252
08663000255
03663000696
03663000581
08663000007
03663000645
01663000155
03663000307
10666000003
01666000016
03663001049
08663000158
03663001214
01663000140
08663000242
03663001120
01666000030
03663001079
03663000888
01663000256
03662000340
03661000012
03663000118
01663000049
03661000050
03662000129
01663000255
08663000130
05666000023
03663000361
03663000559
03663001572
03663001334
03662000090
03663001319
03663000270
05666000001
03663000092
01662000013
03663000035
03663001669
03663000023
03663000088
03663001691
03663001167
03663000401
03663000175
01666000025
03663000419
08663000247
03663000954
20007001647
05666000028
03663001589
01663000282
01663000010
03662000001
03663001679
03663001395
03663001667
08663000049
03663000021
01663000188
01666000029
03663000124
03663000603
01666000005
01663000332
08663000303
03663001693
03663001543
03663001218
03663001257
01666000020
01663000248
03663000516
03663001389
01666000001
03663000075
03663001560
08663000173
03663000177
03663000480
03662000002
03663000352
03663001342
01663000287
03663001474
01663000307
05666000054
03663000185
03663000422
03663000755
03663001243
08666000046
03663001200
03663000303
03663000788
03663001689
03663000676
03663001176
08666000008
03663001534